     body        value   succeed
22  340.0  2153.731689  483328.0
23  342.0  1863.160767  499712.0
20  338.0  2573.284912  565248.0
13  328.0  1852.299438  598016.0
2   304.0  1787.598267  598016.0
3   307.0  1844.772949  598016.0
10  320.0  2191.501221  598016.0
14  329.0  1945.225586  614400.0
21  339.0  2248.235596  614400.0
8   318.0  1769.737793  614400.0
7   317.0  1755.921997  614400.0
12  323.0  1906.800781  630784.0
17  333.0  2088.723877  630784.0
16  332.0  2174.326660  630784.0
4   308.0  1717.237671  647168.0
6   314.0  2024.678223  663552.0
11  321.0  2015.133667  679936.0
0   302.0  1821.189575  688128.0
26  345.0  1792.961060  720896.0
18  336.0  1853.329102  737280.0
5   311.0  1988.779663  753664.0
27  346.0  2061.816406  753664.0
19  337.0  1917.699707  770048.0
15  330.0  1670.115601  770048.0
25  344.0  1879.525269  835584.0
9   319.0  1726.684692  901120.0
1   303.0  1829.725586  901120.0
24  343.0  1626.549194  950272.0



selected:
[340.0, 342.0, 338.0, 328.0, 304.0, 307.0, 320.0, 329.0, 339.0, 318.0, 317.0, 323.0, 333.0, 332.0, 308.0, 314.0, 321.0, 302.0, 345.0, 336.0]
     body        value   succeed
23  436.0  2423.139404  229376.0
1   404.0  2690.740479  278528.0
25  447.0  2031.460327  278528.0
18  431.0  2659.311035  311296.0
19  432.0  2414.852295  368640.0
11  417.0  2128.214111  385024.0
20  433.0  3554.672119  434176.0
13  420.0  2679.140381  466944.0
24  439.0  2626.550293  466944.0
0   402.0  2400.337158  516096.0
27  449.0  3446.545898  548864.0
22  435.0  1508.007690  598016.0
9   414.0  1954.602661  598016.0
26  448.0  2186.700928  679936.0
16  428.0  1871.415894  679936.0
2   405.0  1976.345093  720896.0
7   411.0  1814.493774  720896.0
17  430.0  3464.038086  737280.0
12  418.0  2063.546631  770048.0
4   407.0  2893.992920  802816.0
8   413.0  3036.348877  802816.0
6   409.0  3143.461914  819200.0
5   408.0  2484.476807  819200.0
3   406.0  1682.627563  835584.0
15  423.0  1960.585571  851968.0
21  434.0  1664.609375  884736.0
14  421.0  2457.794678  950272.0
10  415.0  1853.708374  966656.0



selected:
[436.0, 404.0, 447.0, 431.0, 432.0, 417.0, 433.0, 420.0, 439.0, 402.0, 449.0, 435.0, 414.0, 448.0, 428.0, 405.0, 411.0, 430.0, 418.0, 407.0]
    body        value   succeed
3  510.0  2494.250244  385024.0
5  514.0  1558.030396  434176.0
2  502.0  1586.714966  466944.0
1  501.0  2263.200439  483328.0
4  511.0  2182.160889  483328.0
0  500.0  2085.436768  548864.0



selected:
[510.0, 514.0, 502.0, 501.0, 511.0, 500.0]
Empty DataFrame
Columns: [body, value, succeed]
Index: []



selected:
[]
